45,35
66,5
66,4
66,3
66,2
66,1
66,0
0,519
0,518
0,517
0,516
0,515
0,514
65,4
65,3
65,2
65,1
65,0
64,3
64,2
64,1
64,0
0,513
0,512
63,5
63,4
63,3
63,2
63,1
63,0
62,4
62,3
62,2
62,1
62,0
61,3
61,2
61,1
61,0
60,5
60,4
60,3
60,2
60,1
60,0
59,4
59,3
59,2
59,1
59,0
58,3
58,2
58,1
58,0
57,4
57,3
57,2
57,1
57,0
56,3
56,2
56,1
56,0
55,5
55,4
55,3
55,2
55,1
55,0
54,4
54,3
54,2
54,1
54,0
53,3
53,2
53,1
53,0
52,4
52,3
52,2
52,1
52,0
51,3
51,2
51,1
51,0
50,5
50,4
50,3
50,2
50,1
50,0
49,4
49,3
49,2
49,1
49,0
48,4
48,3
48,2
48,1
48,0
47,4
47,3
47,2
47,1
47,0
46,3
46,2
46,1
46,0
0,472
0,278
0,273
0,270
3,2
3,1
3,3
10,4
10,80
10,292
10,116
10,130
10,230
10,100
10,1
10,242
10,2
10,3
11,4
11,20
11,2
11,3
12,2
12,1
12,3
44,5
44,4
44,3
44,2
